64087065248098683840
48291458090376144190
04902635865428825049
47876225489988053048
24409407967880128733
07497225432468262222
27199440180764359985
76932540692762264310
09514642057076189446
06516187277559414630
45934295895689054443
87260697158029260121
29249918082006243535
17628658382098215849
10115228220466021002
40526174353252378512
11978510963373520360
85921697850096618792
94139761204396320348
38544849040781732193
98871552669384928486
79951705217849335357
56394318257193643205
16012375226769978454
35530966388151124027
94827186477049592502
14226716435531747829
37626881841960151288
98276169835804293649
28485631355506063903
42542028165135979862
65961831575571470283
64064737970041123031
91527324835502892549
97678438860253824921
89180658218820731059
96464639556507740766
49116694162137207837
29965917987340313618
63920502416046096837
17843451046498287765
69000572331765605158
77346326235949262988
42121718855038910019
09096975972514889502
11848512161636136640
36130225802429959978
60199714925223728436
36929046085956120107
58587427958995498905
66269036662384623927
41895697362089423977
25124686157091007578
64758825244288741882
90638587734430419776
34200371409317674673
65846105519453805126
29378557412304509770
71092472586414691354
63014175955141732747
73780825522284836177
33242140854950685413
10721596084471421343
44425544328497247433
99165726850926829844
91125233724748664266
50442044007803841348
74520457727801526099
87391582537228917102
87699368303225794922
11127403108330651655
70115536686839974614
79681259190918402632
64393814457322913093
78875957397664678958
68706255117065227727
19277900735731498219
21638068300847959302
43376884175871231900
24938008981796748205
63158740776841710844
12809593990855770862
80500852255669923592
77071483901148849924
41473681591883510783
06748982878260678547
11115772830225030661
81990829982219711986
17694358840699123375
21950337333296570046
19389163571005262952
57677697545989769154
60896694039802154981
86145409330987952806
67204521230242984237
45317395069836594809
71610996866733840259
04460970140348347954
50670252964179663811
6448256701871009402064087065248098683840
48291458090376144190
04902635865428825049
47876225489988053048
24409407967880128733
07497225432468262222
27199440180764359985
76932540692762264310
09514642057076189446
06516187277559414630
45934295895689054443
87260697158029260121
29249918082006243535
17628658382098215849
10115228220466021002
40526174353252378512
11978510963373520360
85921697850096618792
94139761204396320348
38544849040781732193
98871552669384928486
79951705217849335357
56394318257193643205
16012375226769978454
35530966388151124027
94827186477049592502
14226716435531747829
37626881841960151288
98276169835804293649
28485631355506063903
42542028165135979862
65961831575571470283
64064737970041123031
91527324835502892549
97678438860253824921
89180658218820731059
96464639556507740766
49116694162137207837
29965917987340313618
63920502416046096837
17843451046498287765
69000572331765605158
77346326235949262988
42121718855038910019
09096975972514889502
11848512161636136640
36130225802429959978
60199714925223728436
36929046085956120107
58587427958995498905
66269036662384623927
41895697362089423977
25124686157091007578
64758825244288741882
90638587734430419776
34200371409317674673
65846105519453805126
29378557412304509770
71092472586414691354
63014175955141732747
73780825522284836177
33242140854950685413
10721596084471421343
44425544328497247433
99165726850926829844
91125233724748664266
50442044007803841348
74520457727801526099
87391582537228917102
87699368303225794922
11127403108330651655
70115536686839974614
79681259190918402632
64393814457322913093
78875957397664678958
68706255117065227727
19277900735731498219
21638068300847959302
43376884175871231900
24938008981796748205
63158740776841710844
12809593990855770862
80500852255669923592
77071483901148849924
41473681591883510783
06748982878260678547
11115772830225030661
81990829982219711986
17694358840699123375
21950337333296570046
19389163571005262952
57677697545989769154
60896694039802154981
86145409330987952806
67204521230242984237
45317395069836594809
71610996866733840259
04460970140348347954
50670252964179663811
6448256701871009402064087065248098683840
48291458090376144190
04902635865428825049
47876225489988053048
24409407967880128733
07497225432468262222
27199440180764359985
76932540692762264310
09514642057076189446
06516187277559414630
45934295895689054443
87260697158029260121
29249918082006243535
17628658382098215849
10115228220466021002
40526174353252378512
11978510963373520360
85921697850096618792
94139761204396320348
38544849040781732193
98871552669384928486
79951705217849335357
56394318257193643205
16012375226769978454
35530966388151124027
94827186477049592502
14226716435531747829
37626881841960151288
98276169835804293649
28485631355506063903
42542028165135979862
65961831575571470283
64064737970041123031
91527324835502892549
97678438860253824921
89180658218820731059
96464639556507740766
49116694162137207837
29965917987340313618
63920502416046096837
17843451046498287765
69000572331765605158
77346326235949262988
42121718855038910019
09096975972514889502
11848512161636136640
36130225802429959978
60199714925223728436
36929046085956120107
58587427958995498905
66269036662384623927
41895697362089423977
25124686157091007578
64758825244288741882
90638587734430419776
34200371409317674673
65846105519453805126
29378557412304509770
71092472586414691354
63014175955141732747
73780825522284836177
33242140854950685413
10721596084471421343
44425544328497247433
99165726850926829844
91125233724748664266
50442044007803841348
74520457727801526099
87391582537228917102
87699368303225794922
11127403108330651655
70115536686839974614
79681259190918402632
64393814457322913093
78875957397664678958
68706255117065227727
19277900735731498219
21638068300847959302
43376884175871231900
24938008981796748205
63158740776841710844
12809593990855770862
80500852255669923592
77071483901148849924
41473681591883510783
06748982878260678547
11115772830225030661
81990829982219711986
17694358840699123375
21950337333296570046
19389163571005262952
57677697545989769154
60896694039802154981
86145409330987952806
67204521230242984237
45317395069836594809
71610996866733840259
04460970140348347954
50670252964179663811
64482567018710094020